test_user,FINANCIAL_ADVISOR
test_user,FINANCIAL_ADVISOR
test_user,FINANCIAL_ADVISOR
test_user,FINANCIAL_ADVISOR
test_user,FINANCIAL_ADVISOR
test_user,FINANCIAL_ADVISOR
